 4813   671723  
 3953   182171  
 4026   178833  
 3988   106180  
 4019   103638  
 3801   103894  
 5339   370183  
 3738   44608  
 3748   49218  
 3689   37219  
 3774   30997  
 3854   111285  
 3633   50030  
 4641   725214  
 3726   68097  
 4030   181750  
 4415   534206  
 3957   340553  
 3958   47158  
 4718   271894  
 3777   34223  
 3749   83411  
 3640   47401  
 3877   78840  
 3684   46354  
 3652   37503  
 3804   82178  
 3708   39674  
 3963   148374  
 4373   271471  
 3730   52927  
 3753   30044  
 3709   53646  
 3600   30679  
 3618   44624  
 3661   31074  
 3640   44615  
 3925   149900  
 4139   132275  
 3886   65764  
 3642   31608  
 3605   29829  
 3655   61652  
 3788   104688  
 3939   98207  
 3986   108174  
 3691   88501  
 3613   72952  
 3940   96492  
 3802   64699  
 5428   533128  
 3681   49708  
 3561   31299  
 4338   99138  
 4102   145722  
 4152   251333  
 3822   42828  
 3609   42968  
 3748   29321  
 3800   51825  
 3859   100865  
 3831   59878  
 3657   60233  
 3805   54726  
 3692   54897  
 3699   222976  
 3917   54860  
 3688   55134  
 4085   57272  
 3612   57271  
 5561   306584  
 3779   72639  
 3828   175747  
 3737   57042  
 4782   802969  
 4475   597515  
 4494   440337  
 3679   32757  
 3965   140516  
 3619   49246  
 3936   51400  
 4785   997492  
 4104   370206  
 4213   214898  
 5022   326846  
 4460   350850  
 4865   836272  
 3830   35533  
 3979   111274  
 3662   43063  
 3713   42458  
 3907   121084  
 3875   121532  
 4066   123101  
 3928   121708  
 3867   120323  
 3730   57498  
 4297   395654  
 3846   125464  
 3926   122220  
 3982   126842  
 4708   125272  
 4214   121684  
 3798   35048  
 3807   42802  
 3796   42079  
 3793   66393  
 3644   41138  
 3970   102808  
 5208   65197  
 3801   36489  
 4353   445984  
 3738   68253  
 3853   91780  
 3970   171555  
 3737   69089  
 3945   33449  
 4274   47813  
 3687   42325  
 3764   70345  
 4124   168396  
 4592   718795  
 4119   284564  
 3993   109905  
 4080   109888  
 5679   512882  
 4996   265434  
 5640   538186  
 3826   41403  
 4077   74432  
 4186   104104  
 3942   50175  
 5348   358342  
 4148   31703  
 3942   83413  
 4246   100139  
 3815   13689  
 3921   105553  
 5847   700492  
 4907   701140  
 3976   63391  
 4032   76662  
 4005   88539  
 4649   269630  
 4169   38232  
 3898   30317  
 4135   32694  
 4198   92615  
 4201   117838  
 3856   32856  
 3994   60846  
 3769   32698  
 3978   87442  
 4188   125152  
 4366   194149  
 4698   227491  
 3811   14123  
 5460   421863  
 4269   117636  
 3944   51523  
 4141   187841  
 3886   35364  
 3987   108717  
 3916   42970  
 4019   51444  
 3900   37299  
 4240   117898  
 4474   265747  
 4106   101532  
 3919   104370  
 4087   102817  
 4112   172401  
 3852   43963  
 3991   68194  
 4050   43586  
 4011   49248  
 5061   238603  
 3980   59361  
 4358   342075  
 4670   209680  
 4673   441854  
 3888   88551  
 4282   337763  
 3710   52254  
 4107   111991  
 3717   43584  
 3749   70760  
 4436   589674  
 3976   165113  
 4259   250744  
 3940   35859  
 4012   183967  
 3421   172401  
 3708   44438  
 3821   78322  
 3888   136803  
 4873   569702  
 4072   162560  
 3822   31370  
 3705   30519  
 3932   134509  
 3797   103619  
 4016   55126  
 4099   234503  
 4123   80167  
 3760   42796  
 4801   529992  
 4858   392285  
 4023   32585  
 4400   40900  
 5745   776855  
 3739   96236  
 4036   168680  
 3886   72576  
 3834   52565  
 3970   223277  
 3905   222059  
 3752   57972  
 3910   60557  
 4042   133071  
 4022   149175  
 4009   81326  
 3793   83220  
 3627   46102  
 3620   39479  
 3664   37766  
 3445   13679  
 3612   58294  
 3755   61882  
 4107   193595  
 4672   575056  
 4207   288564  
 4286   393318  
 4048   160200  
 4102   172425  
 4929   309787  
 4002   140702  
 4355   327813  
 3645   39169  
 4063   197778  
 3517   14237  
 3583   29260  
 3790   73330  
 3693   74336  
 4032   116218  
 3451   116218  
 3729   53396  
 3813   90263  
 3904   161854  
 4101   189279  
 3662   32542  
 3913   64279  
 4000   97578  
 3882   34210  
 3676   80393  
 3743   58298  
 4242   382353  
 3851   107996  
 3792   94365  
 3787   29359  
 3768   56529  
 4122   256466  
 3863   99841  
 4112   252176  
 4287   250849  
 3884   65141  
 3716   45841  
 6575   1006814  
 3651   48004  
 3725   30726  
 3840   32915  
 3676   67431  
 4268   242847  
 3709   66648  
 4003   93492  
 4511   414192  
 3567   41008  
 3770   70344  
 3753   47929  
 3757   52418  
 3684   240060  
 4215   166998  
 3730   36159  
 3681   50286  
 3699   40298  
 3656   55513  
 3901   127789  
 4221   208212  
 3972   224970  
 3758   83992  
 3965   64945  
 4005   108723  
 3720   64602  
 3746   92272  
 4006   151798  
 3635   56925  
 3453   13917  
 4431   387489  
 4017   103271  
 3732   63145  
 5597   746348  
 4705   646232  
 4023   13642  
 4208   63145  
 3453   13964  
 3522   13614  
 3846   141609  
 4315   158725  
 5042   435019  
 3954   194684  
 4773   610492  
 3653   63899  
 4009   116315  
 3744   84664  
 3831   47642  
 4211   112209  
 4589   418839  
 3686   32312  
 3963   91825  
 3986   179327  
 4231   180304  
 3733   68312  
 3676   13533  
 4081   197170  
 4107   164505  
 4042   299304  
 3762   110366  
 3671   43205  
 3780   70324  
 3657   29825  
 3620   30966  
 3891   115071  
 3382   14384  
 3873   110407  
 3666   60198  
 3747   49224  
 3844   137821  
 4299   103376  
 3773   54153  
 3717   84506  
 3505   14014  
 3712   37134  
 4287   325371  
 3923   36649  
 4651   579534  
 4078   103427  
 3728   86522  
 4023   86568  
 4239   165281  
 3967   155019  
 4018   182795  
 3860   90085  
 3735   71073  
 3516   14255  
 4620   736645  
 3798   45166  
 3808   43267  
 3709   43450  
 3729   43750  
 3628   44364  
 4013   103604  
 3791   31433  
 4168   53113  
 5273   775183  
 3707   14053  
 3721   67134  
 3694   46138  
 4259   290187  
 3963   67422  
 3921   67510  
 3655   40057  
 3723   37618  
 3753   35531  
 3781   36426  
 3716   77242  
 4586   430140  
 3762   37583  
 4494   410406  
 5009   549970  
 3655   79897  
 3647   53525  
 3779   73950  
 4328   331952  
 4188   252920  
 4024   36026  
 3927   158623  
 4561   660366  
 4335   303200  
 3490   309787  
 3975   161135  
 3734   62818  
 3718   40541  
 3946   32294  
 3684   37750  
 3848   111285  
 4361   548626  
 3584   92272  
 3739   31027  
 3983   64803  
 4682   126514  
 4252   183994  
 3858   146077  
 4390   518161  
 3711   81423  
 4070   29454  
 4952   927116  
 3769   43787  
 3898   29486  
 4852   593625  
 3696   32657  
 3687   66821  
 4595   545973  
 4515   238169  
 3847   14110  
 3984   180470  
 3469   14018  
 3919   178988  
 8519   3385425  
 9205   2064529  
 11062   4361784  
 5252   490723  
 5435   928338  
 4816   1119387  
 5580   1521297  
 10315   6562784  
 4566   569948  
 4290   340434  
 15218   10428085  
 5758   1237003  
 5265   724934  
 8476   1609623  
 10128   2129025  
 8262   1739927  
 10810   2692349  
 18298   13587402  
 8897   4829384  
 15816   8375872  
 9255   4141762  
 8869   3968625  
 12983   6862193  
 19155   14262187  
 14755   11474249  
 9582   5664375  
 8186   4268833  
 14521   9595079  
 13396   10405914  
 9309   8069724  
 19746   12450100  
 6524   2044775  
 10030   5869501  
 5492   1375119  
 6807   1151575  
 12784   5808043  
 6992   1806077  
 6272   2180570  
 5788   2241550  
 21777   20030113  
 24848   21542814  
 24188   21852537  
 17850   15431093  
 16686   12959531  
 14648   6822344  
 6187   2211090  
 10223   2907004  
 6984   2744932  
 6790   2663445  
 5540   1445970  
 7979   3785000  
 7610   1998598  
 14166   11001341  
 3609   21587  
 11086   3682904  
 15226   11945386  
 6799   1968420  
 24396   18893703  
 5746   33777767  
 8187   4223472  
 32035   28630995  
 32100   30295703  
 3590   724934  
 31952   27416552  
 21146   17525255  
 20700   18486159  
 3641   28630995  
 10204   4112384  
 5157   1355705  
 6739   4169728  
 3747   96768  
 3820   255488  
 5027   1027072  
 7421   3084261  
 4554   551820  
 7538   3348012  
 7259   3248131  
